
1 257
0.1933 0.934597 2.55327
0.202635 0.722058 2.598
0.194528 0.560044 2.54047
0.192302 0.372598 2.54
0.0328823 0.923526 2.61255
0.0501091 0.661339 2.68088
0.0218289 0.593549 2.65868
0.0477871 0.38137 2.60105
0.0721248 0.217891 2.55442
0.199837 0.194935 2.53553
0.154012 -0.310347 2.46313
-0.028036 -0.118138 2.55331
-0.0465048 -0.0171333 2.57
-0.0607501 0.103748 2.54893
-0.0749955 0.224629 2.52787
0.337023 -0.129393 2.49796
0.318077 -0.00739714 2.589
0.353753 0.0763872 2.50928
0.34918 0.248243 2.48601
0.201892 -0.415195 2.3825
0.127597 -0.421366 2.39059
0.209392 -0.52623 2.34099
0.135913 -0.536714 2.35719
0.0690335 -0.171855 2.46212
0.226842 -0.136085 2.44966
0.282418 -0.279193 2.45654
0.023638 -0.304753 2.48631
 
2 342
0.194592 0.933627 2.55576
0.204793 0.714157 2.59473
0.193579 0.56594 2.54195
0.193868 0.373645 2.5402
0.0289514 0.912612 2.65304
0.0502735 0.661104 2.68005
0.0260203 0.565245 2.65203
0.0462 0.370728 2.59814
0.0743733 0.220489 2.5551
0.207035 0.206235 2.5381
0.157978 -0.310022 2.46142
-0.0239771 -0.122108 2.5502
-0.019581 -0.00734286 2.57
-0.0586832 0.0834188 2.55165
-0.0575055 0.209777 2.52406
0.341098 -0.126825 2.50133
0.320602 -0.00491333 2.57
0.359391 0.0741208 2.51735
0.354922 0.243771 2.4936
0.205175 -0.41197 2.37752
0.131691 -0.424511 2.38891
0.2129 -0.524446 2.33851
0.142048 -0.5344 2.35486
0.0732455 -0.168407 2.46108
0.230883 -0.137667 2.44756
0.282749 -0.276728 2.45487
0.0308958 -0.302152 2.48145
 
3 418
0.193499 0.929426 2.56466
0.20352 0.721443 2.59778
0.196231 0.575529 2.54157
0.197028 0.372485 2.53734
0.0270845 0.909457 2.66105
0.0492861 0.675982 2.67973
0.0274695 0.592128 2.65773
0.0484054 0.371957 2.59856
0.0768547 0.216784 2.55326
0.209451 0.20264 2.53634
0.166412 -0.310303 2.45961
-0.0216697 -0.125158 2.54774
-0.042943 -0.0147182 2.5795
-0.0516037 0.0906784 2.5473
-0.0584476 0.202555 2.51949
0.347457 -0.129226 2.50298
0.329215 -0.01354 2.57941
0.365163 0.0779076 2.52905
0.363654 0.240333 2.50879
0.21411 -0.412769 2.37265
0.140227 -0.427084 2.38397
0.217905 -0.529825 2.33613
0.148974 -0.531016 2.35225
0.0789597 -0.170628 2.46011
0.234356 -0.134733 2.44469
0.285897 -0.274037 2.45174
0.0380016 -0.307754 2.48236
 
4 497
0.194131 0.928817 2.569
0.203974 0.720815 2.59441
0.198408 0.574117 2.53942
0.199427 0.37188 2.53633
0.018856 0.902677 2.67916
0.0553576 0.71051 2.68518
0.0261912 0.605586 2.66047
0.0515634 0.370898 2.59453
0.0794435 0.218118 2.55136
0.209791 0.200943 2.53354
0.179414 -0.307046 2.45472
-0.0146108 -0.137746 2.54171
-0.0596736 -0.0455661 2.5843
-0.0454604 0.0983423 2.54585
-0.0444556 0.221869 2.51324
0.355741 -0.127412 2.50895
0.338496 -0.00556796 2.58416
0.3713 0.081032 2.54093
0.372492 0.240907 2.53122
0.225208 -0.40998 2.36946
0.15074 -0.422929 2.38034
0.230198 -0.527195 2.33597
0.160271 -0.527588 2.34992
0.0883042 -0.165841 2.45863
0.243191 -0.129509 2.44386
0.295197 -0.270667 2.4504
0.0470878 -0.309851 2.48107
 
5 576
0.194561 0.932493 2.56012
0.204035 0.72119 2.59304
0.201163 0.566867 2.53428
0.2014 0.371205 2.53442
0.0366783 0.90729 2.66498
0.056393 0.721645 2.68512
0.0322478 0.594876 2.65561
0.0545855 0.368616 2.59181
0.0801102 0.215526 2.54852
0.209119 0.200938 2.53171
0.188331 -0.305201 2.45223
-0.0110924 -0.142934 2.53962
-0.0384075 -0.0435768 2.56772
-0.0452191 0.073339 2.54419
-0.0475211 0.206038 2.5166
0.360439 -0.128971 2.51079
0.338357 -0.0165456 2.60656
0.375659 0.0799089 2.54849
0.377268 0.23807 2.5467
0.229833 -0.40801 2.36705
0.15635 -0.421052 2.379
0.236429 -0.525337 2.33589
0.16508 -0.526508 2.34948
0.0920044 -0.163827 2.45871
0.246304 -0.125046 2.44307
0.302412 -0.269318 2.45034
0.0525516 -0.310978 2.48055
 
6 656
0.194039 0.9402 2.53966
0.20623 0.713789 2.59207
0.202178 0.555773 2.53089
0.205116 0.358185 2.52966
0.0428691 0.912816 2.66713
0.0567322 0.730847 2.67966
0.0429543 0.576293 2.63172
0.0573554 0.369587 2.57573
0.0799654 0.221891 2.54475
0.213432 0.196951 2.52616
0.204661 -0.306176 2.45397
-0.000115683 -0.140135 2.54273
-0.00831267 -0.00865692 2.54985
-0.0386659 0.0455709 2.54476
-0.0576608 0.1525 2.52788
0.377297 -0.126758 2.52059
0.363323 -0.0195856 2.61787
0.390318 0.0823584 2.57441
0.390557 0.241918 2.58556
0.246263 -0.404465 2.36907
0.174194 -0.422187 2.37458
0.253289 -0.523988 2.33527
0.181261 -0.52607 2.34731
0.105232 -0.167313 2.45577
0.256184 -0.122959 2.44192
0.316447 -0.265856 2.44918
0.0702872 -0.307041 2.47708
 
7 741
0.195344 0.929876 2.56554
0.206456 0.72065 2.59564
0.202354 0.551091 2.53
0.207048 0.351928 2.52715
0.0330444 0.903688 2.66661
0.0550961 0.737431 2.67626
0.04871 0.573689 2.62211
0.0602239 0.376416 2.56868
0.0830424 0.224108 2.54202
0.216481 0.193747 2.52235
0.215044 -0.306218 2.45494
0.00650426 -0.14235 2.54404
0.00939577 -0.000639656 2.55032
-0.0346177 0.0319114 2.54477
-0.0678206 0.106745 2.5336
0.385986 -0.125455 2.5259
0.37593 -0.0186165 2.62358
0.399464 0.0791764 2.58847
0.395738 0.241309 2.60625
0.255944 -0.403342 2.37034
0.184338 -0.421327 2.37387
0.26208 -0.524975 2.33494
0.190253 -0.525109 2.34586
0.112271 -0.170226 2.45428
0.261306 -0.122078 2.4409
0.32212 -0.261464 2.44739
0.0790858 -0.307434 2.47597
 
8 822
0.193122 0.931585 2.56366
0.206664 0.714847 2.59551
0.198667 0.564853 2.53531
0.213786 0.350582 2.52195
0.0321443 0.900397 2.67786
0.054641 0.732708 2.66846
0.0541358 0.557091 2.58973
0.0676658 0.374991 2.5494
0.0815177 0.228759 2.53886
0.21996 0.197669 2.52133
0.224621 -0.305158 2.45511
0.00802511 -0.14434 2.55113
-0.0158305 -0.0136976 2.56006
-0.0310493 0.0283164 2.54521
-0.0654331 0.126105 2.5272
0.397118 -0.127843 2.5266
0.380819 -0.0180599 2.61646
0.414283 0.0636455 2.5948
0.410163 0.228865 2.61933
0.26827 -0.405327 2.37021
0.196583 -0.414339 2.37715
0.272332 -0.523545 2.33483
0.201823 -0.521482 2.3449
0.118315 -0.171801 2.45735
0.270254 -0.123487 2.44305
0.332801 -0.261812 2.45009
0.0894051 -0.308895 2.47972
 
9 900
0.194129 0.929172 2.56431
0.208637 0.718896 2.59666
0.199892 0.554991 2.53521
0.221413 0.352024 2.51755
0.0301398 0.920185 2.7026
0.0551203 0.726194 2.66442
0.0543917 0.551458 2.57517
0.0670321 0.368215 2.54157
0.0839683 0.205305 2.52439
0.220616 0.198979 2.51987
0.242991 -0.304271 2.46078
0.0125723 -0.146268 2.56683
-0.0262606 -0.012995 2.57448
-0.0368758 0.0100464 2.56318
-0.0219059 0.187988 2.49355
0.418684 -0.121235 2.52835
0.432453 0.00185131 2.58387
0.443804 0.0856401 2.58554
0.434 0.19871 2.60619
0.286328 -0.408709 2.37531
0.213133 -0.413541 2.38453
0.286705 -0.526484 2.33977
0.219464 -0.518348 2.34552
0.131339 -0.174027 2.46417
0.288126 -0.128972 2.44962
0.344455 -0.257699 2.45597
0.10645 -0.311063 2.48788
 
10 980
0.204518 0.922071 2.59158
0.2094 0.730471 2.60165
0.203354 0.548943 2.53318
0.226131 0.345058 2.51578
0.0276466 0.926152 2.7136
0.0507419 0.705155 2.66798
0.0550844 0.540683 2.5542
0.0661073 0.359973 2.53088
0.0831739 0.182747 2.50803
0.214273 0.200888 2.51789
0.25611 -0.304262 2.46828
0.0062871 -0.119542 2.57974
-0.0509746 0.063281 2.57227
-0.0368758 0.0100464 2.56318
-0.0219059 0.187988 2.49355
0.436089 -0.118429 2.52458
0.459136 0.00459126 2.5579
0.467733 0.0922118 2.5673
0.457034 0.188103 2.59388
0.299107 -0.408955 2.38255
0.225951 -0.412776 2.39091
0.301303 -0.521578 2.34374
0.232323 -0.521308 2.35117
0.140543 -0.180423 2.47221
0.303593 -0.13837 2.45724
0.354162 -0.25717 2.46373
0.119358 -0.315079 2.49687
 
11 1057
0.20305 0.928983 2.58483
0.209663 0.725977 2.60266
0.204849 0.531431 2.53056
0.230208 0.338287 2.51488
0.0418423 0.917523 2.7686
0.0484639 0.694444 2.66533
0.0559908 0.525434 2.53032
0.0647422 0.347254 2.51828
0.079216 0.155865 2.49856
0.199488 0.211647 2.51288
0.26888 -0.304476 2.47587
0.00254303 -0.099631 2.5893
-0.0711337 0.124507 2.58065
-0.0368758 0.0100464 2.56318
-0.0110673 0.041273 2.5188
0.449629 -0.115623 2.52159
0.471995 0.0132902 2.55429
0.483382 0.0929564 2.54623
0.493259 0.205205 2.5329
0.30979 -0.405838 2.39158
0.237565 -0.413242 2.39758
0.312001 -0.5194 2.35101
0.241217 -0.521002 2.35854
0.148735 -0.186402 2.48022
0.314668 -0.146748 2.46354
0.364437 -0.258318 2.47175
0.13074 -0.317593 2.50642
 
12 1135
0.20569 0.931394 2.58162
0.209204 0.724147 2.60349
0.210653 0.517733 2.52892
0.236461 0.32582 2.51351
0.0418423 0.917523 2.7686
0.0484639 0.694444 2.66533
0.0568362 0.512021 2.50491
0.063895 0.330531 2.50562
0.0992505 0.130743 2.48393
0.19915 0.221607 2.50685
0.276777 -0.305216 2.48452
-0.000769346 -0.0838704 2.60412
-0.078848 0.152957 2.58488
-0.0368758 0.0100464 2.56318
-0.00157962 -0.0499516 2.52999
0.462038 -0.114328 2.52313
0.476681 0.0103668 2.54297
0.50317 0.0789889 2.5159
0.517111 0.21275 2.48644
0.318077 -0.40459 2.39995
0.248315 -0.410962 2.40372
0.318599 -0.517728 2.35381
0.249051 -0.520614 2.36293
0.152962 -0.18816 2.48967
0.322677 -0.152135 2.47114
0.376316 -0.259315 2.48356
0.13702 -0.318411 2.51721
 
13 1210
0.209093 0.918764 2.6125
0.20981 0.710324 2.60114
0.212231 0.507447 2.52765
0.237351 0.32612 2.51481
0.0418423 0.917523 2.7686
0.0451753 0.673614 2.65216
0.0576217 0.484149 2.4773
0.0629651 0.312037 2.4921
0.108916 0.114453 2.47303
0.199647 0.225788 2.50072
0.284099 -0.303273 2.49001
-0.0025047 -0.0749416 2.62014
-0.080591 0.165527 2.59701
-0.0368758 0.0100464 2.56318
-0.00157962 -0.0499516 2.52999
0.470014 -0.118063 2.51479
0.487514 0.0207237 2.51926
0.515225 0.0648053 2.4835
0.52951 0.213459 2.43434
0.323829 -0.404946 2.40694
0.253951 -0.411683 2.41378
0.325746 -0.516613 2.36769
0.254549 -0.521961 2.3726
0.151366 -0.180052 2.49865
0.324196 -0.151326 2.47909
0.388619 -0.263897 2.49719
0.143547 -0.319328 2.52655
 
14 1285
0.206746 0.927991 2.59477
0.209742 0.702436 2.59996
0.214481 0.510576 2.53159
0.237437 0.337864 2.51576
0.0418423 0.917523 2.7686
0.0417684 0.643659 2.61992
0.057849 0.4591 2.44883
0.0638423 0.291988 2.47543
0.113509 0.0925742 2.46626
0.201581 0.216623 2.49618
0.290454 -0.304479 2.49852
0.000865243 -0.074309 2.63483
-0.0798704 0.168812 2.63314
-0.0368758 0.0100464 2.56318
-0.00157962 -0.0499516 2.52999
0.476206 -0.118627 2.50673
0.498266 0.0258416 2.49828
0.520794 0.0581373 2.45435
0.535138 0.194372 2.38625
0.332358 -0.404974 2.41653
0.258661 -0.414033 2.41997
0.329547 -0.516459 2.37781
0.260544 -0.520152 2.37893
0.153116 -0.178148 2.50405
0.3246 -0.149841 2.48532
0.406062 -0.271069 2.51515
0.150382 -0.318655 2.53324
 
15 1361
0.206324 0.928446 2.58583
0.211606 0.696073 2.59836
0.209089 0.506651 2.534
0.238893 0.339697 2.51411
0.0418423 0.917523 2.7686
0.0380395 0.615087 2.58663
0.058087 0.432086 2.41931
0.0638423 0.291988 2.47543
0.118842 0.0780877 2.4614
0.197453 0.228794 2.49826
0.296442 -0.303766 2.50694
0.00314731 -0.0589 2.61113
-0.0196034 0.140339 2.44988
-0.0368758 0.0100464 2.56318
-0.0262912 -0.0913277 2.60337
0.480471 -0.118867 2.50058
0.494816 0.0212848 2.47869
0.520794 0.0581373 2.45435
0.535138 0.194372 2.38625
0.338833 -0.404867 2.42462
0.265242 -0.408659 2.42815
0.332519 -0.516254 2.38538
0.264043 -0.514707 2.38635
0.155173 -0.180499 2.51228
0.323561 -0.143846 2.49111
0.406097 -0.266258 2.521
0.155911 -0.317003 2.53808
 
16 1435
0.204293 0.933375 2.58152
0.210466 0.700847 2.60007
0.213889 0.500251 2.53307
0.236329 0.333201 2.51233
0.0418423 0.917523 2.7686
0.0349632 0.583172 2.54618
0.0594976 0.404499 2.38783
0.0638423 0.291988 2.47543
0.121953 0.0575329 2.46175
0.19284 0.247832 2.49275
0.303203 -0.302632 2.51776
0.00406364 -0.0456689 2.58912
0.0084403 0.112464 2.34284
-0.0368758 0.0100464 2.56318
-0.0533652 -0.0988014 2.69541
0.480528 -0.129549 2.49816
0.505855 -0.00654662 2.4518
0.520794 0.0581373 2.45435
0.535138 0.194372 2.38625
0.345302 -0.402515 2.43081
0.272968 -0.404542 2.43655
0.338116 -0.515966 2.39212
0.270177 -0.511465 2.39542
0.159189 -0.186021 2.52183
0.321113 -0.134308 2.49715
0.400684 -0.258162 2.52479
0.161568 -0.319055 2.54339
 
17 1512
0.19902 0.934139 2.57983
0.211025 0.701564 2.60052
0.215159 0.49159 2.53186
0.230337 0.326005 2.51059
-0.0212043 0.648781 2.24175
0.0286748 0.561312 2.50098
0.0598423 0.379974 2.35671
0.0638423 0.291988 2.47543
0.122276 0.0464258 2.43108
0.189397 0.244791 2.48721
0.308532 -0.300393 2.52567
0.00427757 -0.046625 2.59643
-0.0196561 0.12928 2.50478
-0.0368758 0.0100464 2.56318
-0.0535747 -0.110785 2.66266
0.479339 -0.132369 2.49609
0.486006 -0.00674002 2.43823
0.504776 0.0306194 2.4187
0.512706 0.159598 2.31744
0.353369 -0.399943 2.44096
0.281204 -0.401372 2.44408
0.34527 -0.514246 2.39895
0.277168 -0.509721 2.40361
0.164851 -0.192946 2.52736
0.32004 -0.125402 2.50098
0.402088 -0.251476 2.53138
0.16676 -0.315445 2.54815
 
18 1588
0.193727 0.931661 2.58607
0.209032 0.699175 2.60082
0.2069 0.508546 2.5423
0.226687 0.338849 2.51333
-0.010037 0.861809 2.55281
0.0286748 0.561312 2.50098
0.0590714 0.358465 2.32543
0.0638423 0.291988 2.47543
0.122463 0.0409214 2.42126
0.202907 0.249223 2.4861
0.313334 -0.297033 2.53083
0.00529544 -0.0361106 2.57613
0.0104135 0.0981372 2.36358
-0.0368758 0.0100464 2.56318
-0.0535747 -0.110785 2.66266
0.477623 -0.135372 2.49894
0.47664 -0.011402 2.42288
0.492519 0.0218541 2.38829
0.489567 0.141472 2.27253
0.36073 -0.396056 2.44911
0.288227 -0.402327 2.449
0.359501 -0.509483 2.4085
0.290523 -0.508094 2.40968
0.162994 -0.186427 2.53417
0.320675 -0.117145 2.50634
0.403015 -0.245449 2.53729
0.171204 -0.314003 2.55297
 
19 1663
0.201173 0.932275 2.58542
0.20525 0.702948 2.60292
0.202179 0.513517 2.54423
0.218523 0.357509 2.5161
-0.0291831 0.914441 2.66738
0.0286748 0.561312 2.50098
0.0548531 0.344284 2.28824
0.0680817 0.265114 2.4657
0.123343 0.0385814 2.43209
0.217588 0.248169 2.48816
0.319365 -0.293787 2.53409
0.00415545 -0.0343058 2.58507
-0.0393489 0.13285 2.52577
-0.0368758 0.0100464 2.56318
-0.0535747 -0.110785 2.66266
0.476072 -0.137062 2.50184
0.487963 -0.0206391 2.41514
0.492519 0.0218541 2.38829
0.489567 0.141472 2.27253
0.367616 -0.392948 2.45263
0.295687 -0.402262 2.45568
0.371352 -0.51072 2.4143
0.301609 -0.507573 2.41628
0.164232 -0.181695 2.53727
0.319456 -0.112323 2.50773
0.406442 -0.241557 2.54155
0.177009 -0.312955 2.55489
 
20 1737
0.195143 0.932373 2.58595
0.201901 0.707865 2.60325
0.200128 0.514687 2.54472
0.212475 0.367738 2.51894
-0.0291831 0.914441 2.66738
0.0286748 0.561312 2.50098
0.0540385 0.328664 2.2547
0.0727739 0.244662 2.45724
0.123989 0.0375145 2.44188
0.215951 0.250992 2.48826
0.323726 -0.291235 2.53636
0.00298999 -0.0330356 2.59303
-0.0488802 0.134473 2.59719
-0.0368758 0.0100464 2.56318
-0.0535747 -0.110785 2.66266
0.474251 -0.133202 2.50214
0.489639 -0.0274764 2.40274
0.492519 0.0218541 2.38829
0.489567 0.141472 2.27253
0.374525 -0.393492 2.45812
0.300117 -0.404699 2.45987
0.380292 -0.510863 2.42115
0.311329 -0.508165 2.41877
0.162956 -0.175517 2.5394
0.317987 -0.106187 2.50802
0.409522 -0.235818 2.54542
0.182188 -0.315312 2.55738
 
21 1810
0.192092 0.937113 2.5785
0.202239 0.72487 2.61285
0.198835 0.519772 2.54716
0.213962 0.363855 2.51813
-0.0391589 0.490806 2.01749
0.0286748 0.561312 2.50098
0.0512435 0.314411 2.22235
0.0767997 0.224013 2.44917
0.126156 0.0951202 2.53908
0.218668 0.243012 2.48869
0.325401 -0.289409 2.53724
-0.0033512 -0.0335316 2.63065
-0.0462381 0.133254 2.64376
-0.0368758 0.0100464 2.56318
-0.0535747 -0.110785 2.66266
0.47259 -0.129462 2.50212
0.4608 -0.0126795 2.42198
0.476537 0.0144312 2.37288
0.449288 0.125279 2.24872
0.378242 -0.392412 2.46239
0.303288 -0.403014 2.46232
0.385607 -0.509341 2.42601
0.315414 -0.507073 2.42259
0.161293 -0.170618 2.54008
0.317035 -0.102233 2.50837
0.411171 -0.23256 2.54748
0.184709 -0.316405 2.55881
 
22 1884
0.194834 0.941006 2.5644
0.200608 0.715654 2.60614
0.203557 0.519526 2.5431
0.211103 0.372985 2.5164
-0.0391589 0.490806 2.01749
0.0286748 0.561312 2.50098
0.0536217 0.299742 2.19705
0.0767997 0.224013 2.44917
0.126156 0.0951202 2.53908
0.202871 0.246711 2.48883
0.329822 -0.289217 2.53859
-0.0111842 -0.0151221 2.62519
-0.0574431 0.142289 2.65677
-0.0368758 0.0100464 2.56318
-0.0535747 -0.110785 2.66266
0.470515 -0.130354 2.50806
0.453208 -0.0261461 2.43171
0.463417 0.00982674 2.37272
0.419875 0.118088 2.24152
0.382501 -0.393043 2.46588
0.306864 -0.406592 2.46361
0.391732 -0.508264 2.42904
0.32228 -0.509363 2.42695
0.163697 -0.169947 2.53812
0.315616 -0.0973059 2.50722
0.411553 -0.227995 2.54684
0.187419 -0.315587 2.55898
 
23 1957
0.197312 0.937088 2.56323
0.200634 0.709544 2.59843
0.204563 0.514424 2.53462
0.214603 0.363226 2.50808
-0.0391589 0.490806 2.01749
0.0286748 0.561312 2.50098
0.0531456 0.287265 2.169
0.0820833 0.209346 2.43817
0.126156 0.0951202 2.53908
0.196404 0.244324 2.48668
0.332327 -0.289137 2.53918
-0.00942161 -0.0275094 2.63879
-0.0707273 0.116342 2.66334
-0.0368758 0.0100464 2.56318
-0.0535747 -0.110785 2.66266
0.464741 -0.127305 2.50964
0.431649 -0.0189459 2.42813
0.452513 0.0103478 2.37742
0.395484 0.117251 2.23922
0.386192 -0.395048 2.46823
0.310734 -0.40619 2.46557
0.391732 -0.508264 2.42904
0.3286 -0.51168 2.43415
0.168115 -0.171929 2.53187
0.317739 -0.0961659 2.50616
0.416999 -0.228352 2.5497
0.186298 -0.311283 2.55682
 
24 2030
0.197637 0.938339 2.56889
0.202032 0.715066 2.59707
0.207168 0.510975 2.52474
0.212235 0.36233 2.49813
0.0877414 0.803742 2.59837
0.0286748 0.561312 2.50098
0.0550532 0.273925 2.14637
0.0820833 0.209346 2.43817
0.128279 0.148438 2.62938
0.229516 0.250358 2.48298
0.331783 -0.287078 2.53872
0.0075884 -0.0545113 2.62566
-0.0918295 0.122595 2.64666
-0.0368758 0.0100464 2.56318
-0.0535747 -0.110785 2.66266
0.452028 -0.116832 2.50912
0.44456 -0.00379692 2.41783
0.43489 0.0237111 2.3778
0.373303 0.126794 2.24558
0.386796 -0.390521 2.47137
0.313581 -0.408455 2.4634
0.391732 -0.508264 2.42904
0.331917 -0.513218 2.44064
0.174593 -0.168515 2.51668
0.317572 -0.0918954 2.50164
0.415162 -0.223618 2.54804
0.185584 -0.308138 2.5503
 
25 2107
0.196862 0.93971 2.56799
0.202638 0.714048 2.59408
0.199539 0.503748 2.51827
0.215246 0.365724 2.48943
0.126004 0.869488 2.86759
0.0286748 0.561312 2.50098
0.0526988 0.265191 2.12462
0.0820833 0.209346 2.43817
0.130226 0.197631 2.71238
0.243453 0.249526 2.47955
0.331529 -0.285971 2.53845
0.0179933 -0.0720548 2.61896
-0.0896324 0.125262 2.62822
-0.0368758 0.0100464 2.56318
-0.0535747 -0.110785 2.66266
0.44588 -0.111209 2.50847
0.451075 0.00614819 2.41264
0.42514 0.0317828 2.37632
0.361259 0.132834 2.24827
0.387094 -0.388236 2.47295
0.314995 -0.409558 2.4624
0.391732 -0.508264 2.42904
0.333583 -0.513995 2.44392
0.177858 -0.166411 2.50902
0.31767 -0.0893801 2.49929
0.414112 -0.221205 2.54713
0.185545 -0.306707 2.54683
 
26 2176
0.199713 0.938857 2.5676
0.201413 0.713844 2.58951
0.208051 0.494803 2.5104
0.210654 0.363943 2.48473
0.136008 0.904472 2.82025
0.0286748 0.561312 2.50098
0.045989 0.248438 2.08246
0.0820833 0.209346 2.43817
0.132257 0.243204 2.78821
0.238534 0.26646 2.4726
0.330871 -0.284758 2.53667
0.0235365 -0.080058 2.61693
-0.0636729 0.0371509 2.61891
-0.0368758 0.0100464 2.56318
-0.0535747 -0.110785 2.66266
0.445321 -0.0976909 2.52937
0.422595 0.00964745 2.57202
0.421306 0.0414747 2.37755
0.352332 0.140154 2.25902
0.386969 -0.389333 2.4731
0.314793 -0.408482 2.46503
0.391732 -0.508264 2.42904
0.332901 -0.513767 2.44361
0.184274 -0.168547 2.50324
0.330393 -0.102099 2.50267
0.410896 -0.219996 2.54637
0.187236 -0.305888 2.54193
 
27 2251
0.195102 0.939416 2.56787
0.199141 0.715577 2.587
0.212943 0.49737 2.50531
0.21382 0.367844 2.48179
0.136008 0.904472 2.82025
0.0293444 0.530729 2.45423
0.057541 0.211349 2.07359
0.0820833 0.209346 2.43817
0.134379 0.285619 2.85915
0.238915 0.254222 2.46892
0.329518 -0.28534 2.53459
0.00756883 -0.058313 2.60922
-0.0824725 0.0717516 2.60421
-0.0368758 0.0100464 2.56318
-0.0535747 -0.110785 2.66266
0.446482 -0.0983242 2.52507
0.441583 0.0153039 2.49902
0.416148 0.0516705 2.38244
0.346753 0.146183 2.27307
0.384611 -0.392135 2.4695
0.313166 -0.405659 2.46496
0.391732 -0.508264 2.42904
0.330577 -0.514649 2.44253
0.179068 -0.164717 2.4995
0.328768 -0.100356 2.49721
0.412742 -0.222526 2.54771
0.188349 -0.304218 2.5353
 
28 2323
0.195899 0.9392 2.57021
0.197646 0.712927 2.58312
0.216171 0.496947 2.498
0.202527 0.385159 2.4814
0.136008 0.904472 2.82025
0.0302997 0.507892 2.41608
0.0704252 0.192917 2.07505
0.088249 0.273332 2.49575
0.136715 0.325033 2.92403
0.234848 0.257375 2.46085
0.327307 -0.285612 2.52934
-0.00158634 -0.0443171 2.59812
-0.0713469 0.0996591 2.55928
-0.0368758 0.0100464 2.56318
-0.0535747 -0.110785 2.66266
0.444962 -0.093758 2.52353
0.446548 0.0112282 2.46215
0.415243 0.0511761 2.39733
0.347553 0.148683 2.2912
0.380191 -0.393522 2.46631
0.310285 -0.407345 2.46329
0.391732 -0.508264 2.42904
0.327484 -0.516897 2.44094
0.172981 -0.160315 2.49324
0.328713 -0.104508 2.49341
0.413665 -0.223779 2.54363
0.188637 -0.3028 2.52682
 
29 2395
0.195993 0.938315 2.57701
0.19698 0.714345 2.58173
0.219741 0.501979 2.49293
0.210238 0.376854 2.4792
0.136008 0.904472 2.82025
0.0314894 0.491387 2.38671
0.0773915 0.2032 2.08433
0.0807134 0.260298 2.47309
0.13915 0.362034 2.9841
0.231124 0.262432 2.4565
0.32033 -0.284938 2.51786
-0.00914249 -0.0304545 2.5812
-0.0928919 0.124401 2.55509
-0.0368758 0.0100464 2.56318
-0.0170746 -0.114298 2.6201
0.436649 -0.0929924 2.52263
0.456238 0.00688309 2.46954
0.415034 0.0539595 2.41726
0.351452 0.154826 2.3048
0.37018 -0.391385 2.46225
0.30409 -0.409239 2.45713
0.391409 -0.508418 2.42926
0.317629 -0.518142 2.43315
0.165131 -0.150833 2.48116
0.324744 -0.105773 2.48675
0.414798 -0.230143 2.54266
0.185644 -0.300766 2.51381
 
30 2470
0.194742 0.936758 2.58252
0.196848 0.714714 2.57956
0.21969 0.474727 2.48486
0.217388 0.368695 2.47722
0.136008 0.904472 2.82025
0.0330254 0.478295 2.36275
0.0811359 0.215721 2.09822
0.0785281 0.246551 2.45266
0.141229 0.397775 3.0392
0.230902 0.26309 2.45385
0.316887 -0.284685 2.51215
-0.0169666 -0.0151261 2.56597
-0.1062 0.134461 2.55297
-0.0368758 0.0100464 2.56318
0.0087351 -0.120835 2.59866
0.438971 -0.0908206 2.52671
0.459439 0.00702223 2.46427
0.41569 0.0541951 2.43177
0.358247 0.158726 2.31719
0.365117 -0.390306 2.46019
0.300954 -0.410196 2.45401
0.383345 -0.509782 2.42691
0.312643 -0.518771 2.42921
0.157999 -0.141456 2.47477
0.328052 -0.110377 2.48485
0.415063 -0.233241 2.54183
0.183856 -0.299682 2.5073
 
31 2544
0.194956 0.938055 2.58165
0.198053 0.72471 2.5807
0.2213 0.47579 2.48097
0.241405 0.338518 2.46824
0.136008 0.904472 2.82025
0.0349275 0.469282 2.34342
0.0814463 0.217176 2.09419
0.0771682 0.236071 2.43375
0.143565 0.432162 3.0913
0.226404 0.261118 2.45062
0.313893 -0.283753 2.50517
-0.0206495 -0.00460683 2.54884
-0.106496 0.142205 2.5154
-0.0368758 0.0100464 2.56318
0.0223804 -0.127813 2.6061
0.434359 -0.0901331 2.54327
0.425212 -0.00804103 2.58712
0.417181 0.0556554 2.44311
0.363881 0.163049 2.33002
0.358867 -0.390245 2.45674
0.296433 -0.413549 2.44592
0.373586 -0.511735 2.42046
0.312643 -0.518771 2.42921
0.15328 -0.132666 2.46628
0.328316 -0.111288 2.47989
0.4093 -0.232235 2.53476
0.181948 -0.298343 2.49799
 
32 2631
0.196398 0.938616 2.57646
0.199623 0.730529 2.58131
0.222739 0.482755 2.47917
0.249394 0.329219 2.46423
0.136008 0.904472 2.82025
0.0349275 0.469282 2.34342
0.0822845 0.22388 2.09317
0.076712 0.228988 2.41782
0.138859 0.434581 3.00935
0.21968 0.261471 2.44906
0.309269 -0.284425 2.49928
-0.00561217 -0.0251792 2.53016
-0.089354 0.169964 2.47043
-0.0368758 0.0100464 2.56318
0.0208913 -0.145039 2.63242
0.433388 -0.0891033 2.5493
0.411535 -0.0129967 2.63866
0.418976 0.0501646 2.45717
0.374301 0.162735 2.35118
0.350867 -0.392805 2.44824
0.290775 -0.417348 2.43682
0.373586 -0.511735 2.42046
0.312643 -0.518771 2.42921
0.152655 -0.12824 2.45726
0.32839 -0.109823 2.47672
0.406482 -0.230969 2.53099
0.178838 -0.296136 2.48839
 
33 2710
0.198345 0.936784 2.57343
0.198005 0.73793 2.58543
0.223603 0.496864 2.48162
0.250362 0.330098 2.46291
0.0808092 0.928066 2.70081
0.0347985 0.479721 2.34689
0.0828464 0.234088 2.09584
0.076408 0.224679 2.40522
0.132013 0.40646 2.95986
0.213796 0.250573 2.4448
0.296021 -0.291924 2.49153
0.00258446 -0.056218 2.51903
-0.0811965 0.168952 2.46473
-0.0368758 0.0100464 2.56318
0.0159358 -0.153268 2.64902
0.429427 -0.0904411 2.55313
0.402063 -0.0206231 2.66469
0.420614 0.0553174 2.46208
0.374534 0.182861 2.36135
0.344396 -0.400936 2.43841
0.278778 -0.424591 2.43664
0.373586 -0.511735 2.42046
0.309908 -0.52062 2.42821
0.150779 -0.14232 2.45413
0.324487 -0.122573 2.472
0.392137 -0.237174 2.52052
0.163189 -0.301563 2.48257
 
34 0
0.200153 0.938371 2.56224
0.195375 0.756055 2.59094
0.219871 0.514003 2.48895
0.249452 0.335461 2.46161
0.0351158 0.917386 2.6314
0.0344396 0.495316 2.35433
0.0831473 0.250386 2.10581
0.0695832 0.244261 2.3733
0.127265 0.384999 2.91249
0.210382 0.243986 2.44414
0.278264 -0.300215 2.48128
0.00440572 -0.0645984 2.51673
-0.0633435 0.0864506 2.47985
-0.0390537 0.0135189 2.52031
-0.0123543 -0.00534804 2.53822
0.419053 -0.0927777 2.55411
0.389591 -0.0219121 2.67783
0.417073 0.0549698 2.47785
0.379089 0.193799 2.38387
0.330302 -0.41006 2.42848
0.260169 -0.434945 2.4278
0.373586 -0.511735 2.42046
0.280822 -0.533638 2.41385
0.146791 -0.153846 2.44317
0.314857 -0.130142 2.46259
0.37377 -0.242113 2.50572
0.146295 -0.302149 2.47199
 
35 84
0.1917 0.93566 2.57052
0.197418 0.760219 2.5966
0.214684 0.527108 2.49446
0.247172 0.340344 2.46188
0.0119608 0.927789 2.56161
0.0352205 0.510027 2.36156
0.0834815 0.268709 2.11901
0.0680365 0.266551 2.36563
0.122533 0.366369 2.86847
0.20865 0.243301 2.44553
0.262367 -0.30496 2.47156
0.00608488 -0.0731203 2.51318
-0.0493147 0.0330478 2.46949
-0.0380391 0.0161498 2.48953
-0.0281146 0.0727394 2.4724
0.408131 -0.0938378 2.55315
0.383277 0.00718761 2.61496
0.413669 0.049316 2.49186
0.379921 0.195738 2.40258
0.311763 -0.412173 2.41817
0.240685 -0.439945 2.42098
0.373586 -0.511735 2.42046
0.256229 -0.54025 2.40181
0.139477 -0.161048 2.43352
0.303776 -0.134216 2.45012
0.356478 -0.245342 2.48982
0.134826 -0.300336 2.46122
 
36 167
0.189573 0.937719 2.55578
0.198583 0.761323 2.59873
0.208108 0.54458 2.50535
0.243387 0.352208 2.46282
0.0295229 0.954983 2.49168
0.0353252 0.526456 2.37057
0.0833946 0.287179 2.13569
0.0659391 0.285415 2.36928
0.11803 0.351059 2.82765
0.204669 0.24798 2.44707
0.245758 -0.31067 2.46265
0.00683442 -0.0817096 2.50843
-0.047078 -0.00816136 2.47326
-0.0401008 0.0171531 2.47186
-0.0367221 0.115955 2.43206
0.398495 -0.0961306 2.54911
0.377229 -0.00769053 2.63221
0.407288 0.0489488 2.50119
0.379837 0.197441 2.41846
0.294408 -0.420196 2.40531
0.223909 -0.439668 2.41174
0.373586 -0.511735 2.42046
0.234246 -0.543122 2.39243
0.1308 -0.160379 2.42478
0.290729 -0.130262 2.44087
0.342907 -0.252111 2.47888
0.120201 -0.301898 2.45144
 
37 254
0.190022 0.939206 2.55078
0.199534 0.762305 2.59984
0.205007 0.556707 2.51109
0.24053 0.359962 2.46368
0.0243105 0.960181 2.48568
0.0354492 0.541863 2.37915
0.0832397 0.304608 2.15167
0.066518 0.298832 2.37211
0.111077 0.341568 2.79095
0.200418 0.25842 2.4499
0.237962 -0.314113 2.45844
0.00754533 -0.0894126 2.50387
-0.0459484 -0.0289729 2.47517
-0.0418304 0.0187201 2.46201
-0.0419971 0.138832 2.41038
0.393172 -0.0967348 2.54702
0.373858 -0.0100637 2.62091
0.403619 0.0481592 2.50665
0.379389 0.196267 2.42782
0.284475 -0.423946 2.39837
0.214073 -0.439642 2.40593
0.373586 -0.511735 2.42046
0.224019 -0.543985 2.38641
0.125847 -0.160007 2.42005
0.284281 -0.129721 2.43609
0.334576 -0.255391 2.47241
0.111757 -0.302556 2.44624
 
38 338
0.195182 0.937733 2.55857
0.194516 0.798882 2.61555
0.19194 0.573223 2.52435
0.232676 0.36826 2.46429
0.0174308 0.960351 2.48934
0.0366232 0.557553 2.39068
0.080864 0.323333 2.17359
0.0680206 0.3191 2.38833
0.10713 0.329639 2.75609
0.194055 0.261176 2.45255
0.217534 -0.314659 2.44821
0.00603873 -0.0961502 2.49846
-0.0639581 -0.0416445 2.46714
-0.0463304 0.025968 2.4479
-0.0477468 0.157123 2.38691
0.376904 -0.0976189 2.54283
0.353543 -0.00379831 2.62521
0.394036 0.0493031 2.51439
0.373996 0.196469 2.44454
0.267275 -0.419416 2.39195
0.19734 -0.439931 2.39265
0.363056 -0.514403 2.41443
0.204427 -0.547605 2.37571
0.109638 -0.161162 2.41203
0.269982 -0.132993 2.42652
0.314747 -0.259941 2.45998
0.089079 -0.306654 2.4372
 
39 420
0.190535 0.938663 2.55456
0.194516 0.798882 2.61555
0.181401 0.562814 2.52411
0.223082 0.379041 2.46676
0.014635 0.958144 2.49421
0.0376374 0.570475 2.40208
0.0789685 0.339382 2.19558
0.0623095 0.336572 2.40293
0.102863 0.320498 2.72432
0.192321 0.248023 2.45135
0.1973 -0.314005 2.43837
-0.0122114 -0.117348 2.47524
-0.0831617 -0.0460587 2.48109
-0.0470578 0.0519653 2.42992
-0.0519469 0.167599 2.36879
0.362524 -0.101438 2.53508
0.334562 -0.0130674 2.61737
0.381 0.0492931 2.51718
0.367437 0.198425 2.45585
0.247484 -0.421943 2.38077
0.176038 -0.440769 2.3862
0.349972 -0.518182 2.40782
0.180194 -0.548032 2.37092
0.0923603 -0.165202 2.40534
0.256422 -0.135604 2.42141
0.299219 -0.262577 2.45261
0.0709186 -0.300669 2.42764
 
40 505
0.184047 0.934089 2.57711
0.194165 0.795579 2.61434
0.1755 0.564288 2.52415
0.212247 0.384317 2.46632
0.017034 0.936122 2.55039
0.0376553 0.583157 2.41463
0.0770164 0.353276 2.21709
0.0563137 0.343267 2.41763
0.0982767 0.31206 2.69491
0.192806 0.249648 2.45381
0.175554 -0.31535 2.43209
-0.0298075 -0.128912 2.46409
-0.0686931 -0.0338679 2.47014
-0.0594417 0.0469541 2.42308
-0.0562985 0.174287 2.35626
0.345046 -0.0912634 2.53356
0.320007 -0.0152637 2.61342
0.364993 0.051222 2.51602
0.356658 0.201823 2.46201
0.229868 -0.425524 2.37375
0.15945 -0.440855 2.37698
0.349972 -0.518182 2.40782
0.160368 -0.548459 2.36211
0.0776418 -0.165872 2.39831
0.243663 -0.138819 2.41564
0.28306 -0.266286 2.44496
0.0534248 -0.296382 2.41887
 
41 587
0.181921 0.930017 2.59083
0.191187 0.77457 2.60706
0.178444 0.573156 2.52691
0.20469 0.385829 2.46534
0.0220744 0.931897 2.56232
0.0376893 0.593577 2.42671
0.0709769 0.367956 2.23918
0.0474019 0.34554 2.42791
0.0943107 0.304529 2.66864
0.185576 0.250021 2.45483
0.159009 -0.315487 2.42528
-0.0473827 -0.135009 2.45676
-0.0974362 -0.0516343 2.48261
-0.0697406 0.0444773 2.41749
-0.0595797 0.176929 2.34939
0.327533 -0.0941071 2.52749
0.304089 -0.00397724 2.60141
0.349862 0.0477939 2.51555
0.34938 0.197172 2.46664
0.210261 -0.427716 2.36462
0.138454 -0.441714 2.37286
0.349972 -0.518182 2.40782
0.142375 -0.550957 2.35476
0.0627828 -0.161601 2.39241
0.22748 -0.141273 2.40703
0.266408 -0.267037 2.43838
0.036288 -0.29305 2.4095
 
42 671
0.191781 0.937624 2.56676
0.190736 0.760067 2.60001
0.179675 0.554314 2.51544
0.198665 0.382165 2.46646
0.0193976 0.933267 2.56429
0.0380772 0.605184 2.43963
0.0680514 0.38184 2.26135
0.038322 0.341285 2.43682
0.0911226 0.297648 2.64521
0.174423 0.255018 2.45764
0.143969 -0.313703 2.41974
-0.0646693 -0.131757 2.45319
-0.0896729 -0.0296255 2.46242
-0.0802517 0.0485898 2.41617
-0.0622635 0.1805 2.34716
0.31044 -0.0886267 2.52463
0.287227 -0.0156419 2.60535
0.333212 0.0436982 2.51622
0.336986 0.202994 2.47151
0.19316 -0.424674 2.35796
0.120343 -0.441695 2.36634
0.349972 -0.518182 2.40782
0.126578 -0.548787 2.345
0.0476342 -0.160678 2.3888
0.21677 -0.143401 2.40432
0.252106 -0.267192 2.43095
0.0164008 -0.290161 2.40554
 
43 753
0.192669 0.929762 2.57463
0.192663 0.753114 2.59691
0.182556 0.567224 2.51512
0.190184 0.391863 2.47009
0.0275706 0.93289 2.56937
0.0380502 0.60992 2.44989
0.0652542 0.394317 2.28263
0.0335965 0.343935 2.44643
0.0852177 0.291113 2.62308
0.170754 0.243256 2.45606
0.126195 -0.313899 2.41451
-0.0756522 -0.136951 2.45013
-0.107119 -0.0349321 2.46072
-0.088193 0.0536212 2.41514
-0.0645803 0.188873 2.34654
0.298007 -0.102586 2.51231
0.294009 -0.0259522 2.56884
0.319116 0.0470245 2.5121
0.326426 0.202461 2.47408
0.175487 -0.424612 2.35187
0.102325 -0.442513 2.36012
0.332483 -0.521242 2.40046
0.111236 -0.54894 2.33824
0.0365255 -0.15842 2.38595
0.204614 -0.145177 2.40097
0.238655 -0.268953 2.42488
0.00395405 -0.286904 2.40105
 
44 835
0.194238 0.936121 2.56259
0.193006 0.741194 2.59182
0.182003 0.568166 2.51177
0.185678 0.396244 2.47166
0.0261925 0.931727 2.56844
0.0383642 0.614953 2.45987
0.0625836 0.406504 2.30263
0.0308501 0.345788 2.45172
0.0798637 0.285219 2.60286
0.169983 0.235734 2.45472
0.117319 -0.314056 2.41194
-0.0813404 -0.139585 2.44851
-0.113585 -0.0352671 2.45987
-0.0927126 0.0548508 2.41539
-0.0664747 0.192559 2.34619
0.290784 -0.104588 2.50789
0.279132 -0.011858 2.5599
0.312311 0.0494649 2.50954
0.320969 0.199805 2.47561
0.166295 -0.424693 2.34845
0.09285 -0.442747 2.35665
0.31648 -0.523829 2.39367
0.103488 -0.549314 2.33418
0.0309686 -0.156633 2.38466
0.198591 -0.145542 2.39928
0.231672 -0.269735 2.42171
-0.00258059 -0.285235 2.39878
 
45 918
0.194644 0.937765 2.55948
0.19318 0.735173 2.58925
0.181725 0.56864 2.51008
0.183403 0.398456 2.47246
0.0258377 0.93142 2.5682
0.0386575 0.619611 2.46915
0.0601219 0.417759 2.32115
0.0294638 0.346732 2.4544
0.0749395 0.279725 2.58421
0.169596 0.231934 2.45404
0.11284 -0.314135 2.41064
-0.0842106 -0.140913 2.4477
-0.116847 -0.0354339 2.45945
-0.0949935 0.0554738 2.41553
-0.0674438 0.194387 2.3462
0.287139 -0.105599 2.50566
0.271622 -0.00473944 2.55538
0.308877 0.0506984 2.50825
0.318171 0.198397 2.47633
0.161657 -0.424733 2.34672
0.0880682 -0.442864 2.3549
0.30171 -0.526212 2.3874
0.0995782 -0.549502 2.33213
0.0281651 -0.155732 2.38402
0.195551 -0.145726 2.39843
0.22815 -0.270131 2.42011
-0.00587778 -0.284394 2.39763
 